A=[1,1,1;1,1,0;0,1,1;1,0,0;0,0,1];
b=[89,76,53,35,20]';